function x = data()
x = [
% input_size input_set variants nb_threads try global_start_sec global_start_nsec global_stop_sec global_stop_nsec
100000 0 1 6 1 345828 310462891 345828 317811084
100000 0 1 6 2 345828 372132855 345828 384073294
100000 0 1 6 3 345828 443943985 345828 453235563
100000 0 1 6 4 345828 505228782 345828 514111931
100000 0 1 6 5 345828 565910716 345828 573213862
100000 1 1 6 1 345828 633445804 345828 635803031
100000 1 1 6 2 345828 673816105 345828 676240470
100000 1 1 6 3 345828 719598104 345828 722542542
100000 1 1 6 4 345828 766449991 345828 769108288
100000 1 1 6 5 345828 804672975 345828 807019444
100000 2 1 6 1 345828 851643534 345828 856784630
100000 2 1 6 2 345828 900787859 345828 905854730
100000 2 1 6 3 345828 948948950 345828 952813216
100000 2 1 6 4 345828 996980612 345829 1079256
100000 2 1 6 5 345829 45352568 345829 51920586
100000 3 1 6 1 345829 96711129 345829 100249740
100000 3 1 6 2 345829 143862587 345829 146808327
100000 3 1 6 3 345829 190787656 345829 194211884
100000 3 1 6 4 345829 238030480 345829 241568079
100000 3 1 6 5 345829 277075712 345829 280217037
10000000 0 1 6 1 345830 550245120 345831 188210519
10000000 0 1 6 2 345834 477604176 345835 126039729
10000000 0 1 6 3 345838 395344620 345839 28849347
10000000 0 1 6 4 345842 324902897 345842 953963634
10000000 0 1 6 5 345846 314462493 345846 952204402
10000000 1 1 6 1 345850 257158640 345850 419558130
10000000 1 1 6 2 345852 237286533 345852 405707793
10000000 1 1 6 3 345854 222852005 345854 383067634
10000000 1 1 6 4 345856 190142000 345856 359187055
10000000 1 1 6 5 345858 170281642 345858 335692337
10000000 2 1 6 1 345860 154647038 345860 526870831
10000000 2 1 6 2 345862 500843729 345862 855945515
10000000 2 1 6 3 345864 839873527 345865 173880563
10000000 2 1 6 4 345867 174919762 345867 522838601
10000000 2 1 6 5 345869 498912282 345869 832927740
10000000 3 1 6 1 345871 969058274 345872 189024463
10000000 3 1 6 2 345874 155043114 345874 385776235
10000000 3 1 6 3 345876 352564780 345876 558870607
10000000 3 1 6 4 345878 516360283 345878 733756842
10000000 3 1 6 5 345880 700596405 345880 921127565
];
end
