function x = data()
x = [
% input_size input_set variants nb_threads try global_start_sec global_start_nsec global_stop_sec global_stop_nsec
100000 0 1 6 1 11045 9320050 11045 17113196
100000 0 1 6 2 11045 101961641 11045 109203988
100000 0 1 6 3 11045 178162043 11045 185705934
100000 0 1 6 4 11045 270204420 11045 277440963
100000 0 1 6 5 11045 367205150 11045 374463781
100000 1 1 6 1 11045 463799867 11045 463869671
100000 1 1 6 2 11045 536993336 11045 537062988
100000 1 1 6 3 11045 618329382 11045 618399157
100000 1 1 6 4 11045 691871991 11045 691941716
100000 1 1 6 5 11045 768244436 11045 768314276
100000 2 1 6 1 11045 850969199 11045 851122592
100000 2 1 6 2 11045 925488643 11045 925646981
100000 2 1 6 3 11046 3024846 11046 3178190
100000 2 1 6 4 11046 80102214 11046 80276346
100000 2 1 6 5 11046 157608963 11046 157762062
100000 3 1 6 1 11046 248291178 11046 248360898
100000 3 1 6 2 11046 323536177 11046 323605806
100000 3 1 6 3 11046 402541465 11046 402611283
100000 3 1 6 4 11046 475408593 11046 475478335
100000 3 1 6 5 11046 557165052 11046 557235019
10000000 0 1 6 1 11048 176462248 11049 210964269
10000000 0 1 6 2 11052 812181745 11053 848496095
10000000 0 1 6 3 11057 454679273 11058 480476602
10000000 0 1 6 4 11062 78640227 11063 121589388
10000000 0 1 6 5 11066 710471137 11067 736537923
10000000 1 1 6 1 11071 359872360 11071 367910622
10000000 1 1 6 2 11073 573765546 11073 581750435
10000000 1 1 6 3 11075 767852392 11075 778299699
10000000 1 1 6 4 11077 970217076 11077 978180145
10000000 1 1 6 5 11080 160575535 11080 168563338
10000000 2 1 6 1 11082 353107843 11082 372744886
10000000 2 1 6 2 11084 699552396 11084 717253666
10000000 2 1 6 3 11087 63104528 11087 82720482
10000000 2 1 6 4 11089 431676992 11089 451320797
10000000 2 1 6 5 11091 790559334 11091 808394459
10000000 3 1 6 1 11094 322917367 11094 331116295
10000000 3 1 6 2 11096 714755054 11096 722813020
10000000 3 1 6 3 11099 80458441 11099 88473040
10000000 3 1 6 4 11101 458377706 11101 468999365
10000000 3 1 6 5 11103 848433136 11103 856424005
100000 0 1 6 1 11127 823261012 11127 830994019
100000 0 1 6 2 11127 920392563 11127 927611050
100000 0 1 6 3 11128 12620013 11128 19834761
100000 0 1 6 4 11128 107444155 11128 114736423
100000 0 1 6 5 11128 202758011 11128 209961293
100000 1 1 6 1 11128 300826205 11128 300895987
100000 1 1 6 2 11128 382386096 11128 382455773
100000 1 1 6 3 11128 457250310 11128 457320122
100000 1 1 6 4 11128 537833995 11128 537903714
100000 1 1 6 5 11128 615978846 11128 616078866
100000 2 1 6 1 11128 706088776 11128 706262422
100000 2 1 6 2 11128 788989633 11128 789142579
100000 2 1 6 3 11128 868141594 11128 868324531
100000 2 1 6 4 11128 937142910 11128 937296609
100000 2 1 6 5 11129 20988802 11129 21142075
100000 3 1 6 1 11129 86609873 11129 86685446
100000 3 1 6 2 11129 131861012 11129 131930745
100000 3 1 6 3 11129 205762816 11129 205832612
100000 3 1 6 4 11129 288398957 11129 288469221
100000 3 1 6 5 11129 369976220 11129 370045912
10000000 0 1 6 1 11131 59578826 11132 137151156
10000000 0 1 6 2 11135 874818140 11136 886278840
10000000 0 1 6 3 11140 515145154 11141 550440872
10000000 0 1 6 4 11145 277636827 11146 319254409
10000000 0 1 6 5 11150 55552492 11151 69182975
10000000 1 1 6 1 11154 698471588 11154 706684860
10000000 1 1 6 2 11156 902837337 11156 910913882
10000000 1 1 6 3 11159 168140281 11159 176658926
10000000 1 1 6 4 11161 401738778 11161 409800675
10000000 1 1 6 5 11163 633577139 11163 642687892
10000000 2 1 6 1 11166 85650482 11166 103507637
10000000 2 1 6 2 11168 499153329 11168 518772195
10000000 2 1 6 3 11170 901274043 11170 919281382
10000000 2 1 6 4 11173 346341250 11173 368637566
10000000 2 1 6 5 11175 940423970 11175 959196930
10000000 3 1 6 1 11178 678760430 11178 687144617
10000000 3 1 6 2 11181 107502191 11181 115676836
10000000 3 1 6 3 11183 575387970 11183 583852602
10000000 3 1 6 4 11186 227552013 11186 235563740
10000000 3 1 6 5 11188 836302109 11188 844765755
];
end
