function x = data()
x = [
% input_size input_set variants nb_threads try global_start_sec global_start_nsec global_stop_sec global_stop_nsec
100000 0 1 6 1 11127 823261012 11127 830994019
100000 0 1 6 2 11127 920392563 11127 927611050
100000 0 1 6 3 11128 12620013 11128 19834761
100000 0 1 6 4 11128 107444155 11128 114736423
100000 0 1 6 5 11128 202758011 11128 209961293
100000 1 1 6 1 11128 300826205 11128 300895987
100000 1 1 6 2 11128 382386096 11128 382455773
100000 1 1 6 3 11128 457250310 11128 457320122
100000 1 1 6 4 11128 537833995 11128 537903714
100000 1 1 6 5 11128 615978846 11128 616078866
100000 2 1 6 1 11128 706088776 11128 706262422
100000 2 1 6 2 11128 788989633 11128 789142579
100000 2 1 6 3 11128 868141594 11128 868324531
100000 2 1 6 4 11128 937142910 11128 937296609
100000 2 1 6 5 11129 20988802 11129 21142075
100000 3 1 6 1 11129 86609873 11129 86685446
100000 3 1 6 2 11129 131861012 11129 131930745
100000 3 1 6 3 11129 205762816 11129 205832612
100000 3 1 6 4 11129 288398957 11129 288469221
100000 3 1 6 5 11129 369976220 11129 370045912
10000000 0 1 6 1 11131 59578826 11132 137151156
10000000 0 1 6 2 11135 874818140 11136 886278840
10000000 0 1 6 3 11140 515145154 11141 550440872
10000000 0 1 6 4 11145 277636827 11146 319254409
10000000 0 1 6 5 11150 55552492 11151 69182975
10000000 1 1 6 1 11154 698471588 11154 706684860
10000000 1 1 6 2 11156 902837337 11156 910913882
10000000 1 1 6 3 11159 168140281 11159 176658926
10000000 1 1 6 4 11161 401738778 11161 409800675
10000000 1 1 6 5 11163 633577139 11163 642687892
10000000 2 1 6 1 11166 85650482 11166 103507637
10000000 2 1 6 2 11168 499153329 11168 518772195
10000000 2 1 6 3 11170 901274043 11170 919281382
10000000 2 1 6 4 11173 346341250 11173 368637566
10000000 2 1 6 5 11175 940423970 11175 959196930
10000000 3 1 6 1 11178 678760430 11178 687144617
10000000 3 1 6 2 11181 107502191 11181 115676836
10000000 3 1 6 3 11183 575387970 11183 583852602
10000000 3 1 6 4 11186 227552013 11186 235563740
10000000 3 1 6 5 11188 836302109 11188 844765755
];
end
